,0,0
0,1.43,1.4315692
1,1.43,1.425987
2,1.18,1.2318038
3,1.39,1.4101353
4,1.3,1.3013177
5,1.38,1.3685544
6,1.52,1.5050273
7,1.52,1.5195289
8,1.43,1.4356349
9,1.53,1.5278057
10,1.5,1.4988488
11,1.44,1.4331645
12,1.3,1.3052714
13,1.5,1.492835
14,1.37,1.378763
15,1.47,1.4613256
16,1.64,1.6044711
17,1.49,1.4735833
18,1.4,1.3902388
19,1.4,1.388635
20,1.34,1.3541462
21,1.61,1.5735195
22,1.4,1.4127004
23,1.5,1.4878733
24,1.5,1.4891276
25,1.38,1.3973912
26,1.32,1.3178616
27,1.35,1.339253
28,1.35,1.3487356
29,1.3,1.3373013
30,1.51,1.5005993
31,1.31,1.31596
32,1.45,1.4408512
33,1.41,1.4054486
34,1.43,1.43162
35,1.48,1.4875544
36,1.48,1.4766276
37,1.42,1.4214287
38,1.36,1.3534509
39,1.38,1.3875895
40,1.32,1.3460495
41,1.52,1.506793
42,1.35,1.3646005
43,1.62,1.5818541
44,1.31,1.3160112
45,1.56,1.5537761
46,1.41,1.4120018
47,1.3,1.3332838
48,1.42,1.4317466
49,1.52,1.5092267
50,1.24,1.2801957
51,1.62,1.5561377
52,1.52,1.5209138
53,1.34,1.3584765
54,1.54,1.531501
55,1.38,1.3892156
56,1.42,1.4071385
57,1.41,1.3994503
58,1.39,1.379961
59,1.59,1.573102
60,1.39,1.3932458
61,1.61,1.5982862
62,1.33,1.3272995
63,1.58,1.5518554
64,1.45,1.4428073
65,1.39,1.3928562
66,1.62,1.5897318
67,1.47,1.4763142
68,1.34,1.3349024
69,1.2,1.2537042
70,1.15,1.2028676
71,1.45,1.4469433
72,1.47,1.4846685
73,1.34,1.3252156
74,1.41,1.3984808
75,1.42,1.4093351
76,1.48,1.485838
77,1.31,1.3400688
78,1.41,1.4218596
79,1.39,1.4177339
80,1.41,1.4161671
81,1.34,1.3328872
82,1.47,1.4841512
83,1.35,1.3881539
84,1.39,1.3952214
85,1.34,1.3369014
86,1.47,1.4798757
87,1.24,1.285266
88,1.44,1.4351687
89,1.33,1.3330364
90,1.51,1.4933559
91,1.53,1.5461508
92,1.5,1.4900026
93,1.69,1.6484596
94,1.54,1.5355877
95,1.47,1.4728441
96,1.58,1.548717
97,1.37,1.3938076
98,1.58,1.5543885
99,1.29,1.2895463
100,1.41,1.3994405
101,1.26,1.2816596
102,1.36,1.3514172
103,1.4,1.3952056
104,1.39,1.3912994
105,1.28,1.2887913
106,1.46,1.4624813
107,1.4,1.4047647
108,1.24,1.2788805
109,1.42,1.4266092
110,1.53,1.5287871
111,1.46,1.4790133
112,1.5,1.5022177
113,1.29,1.3236488
114,1.61,1.577731
115,1.51,1.5112369
116,1.5,1.5106653
117,1.3,1.3126366
118,1.54,1.5267373
119,1.3,1.3289411
